0.350263
0.0734743
0.0605216
0.0646909
0.0647978
0.0770742
0.0631483
0.0722043
0.0815096
0.0704169
0.0825337
0.0530185
0.0581339
0.0631871
0.0651503
0.06318
0.0558265
0.0609305
0.0766299
0.0590883
0.0615314
0.0698098
0.0704184
0.0661119
0.0562554
0.0588907
0.0666625
0.0572519
0.0549043
0.0620197
0.0809934
0.0642018
0.0663479
0.0786305
0.0619501
0.0669161
0.0656618
0.0845897
0.0603891
0.0555672
0.0548689
0.0545866
0.0627393
0.0595012
0.0607828
0.0603697
0.0669074
0.0611319
0.0552319
0.0647351
0.0521542
0.0519037
0.0571171
0.0653348
0.0727139
0.0737199
0.0897301
0.0573998
0.0695224
0.0604713
0.064421
0.051993
0.0562358
0.0583049
0.0562225
0.0608189
0.0631703
0.0568775
0.0570386
0.0587705
0.058317
0.0580809
0.0578772
0.0597969
0.0565926
0.0561321
0.0604531
0.0616336
0.0578406
0.0639814
0.0686442
0.056481
0.0714388
0.0538224
0.0648541
0.0633433
0.0594536
0.0580058
0.0578433
0.0544369
0.0529013
0.0521218
0.0581599
0.0647387
0.0571818
0.061673
0.0639983
0.0563171
0.058398
0.0614728
0.0572071
0.0542861
0.0548065
0.0730473
0.0684211
0.0642424
0.0665205
0.104066
0.0675636
0.0576766
0.052812
0.0622113
0.0617612
